  1, 22, 22,  1,  0,  0,  1, 20
  2,  8, 38,  3,  0,  0, 37, 32
  3, 36, 18,  3,  0,  0, 33,  6
  4, 30, 13,  3,  0,  0, 34, 39
  5, 30, 34,  3,  0,  0, 33, 49
  6, 11,  4,  3,  0,  0, 34, 32
  7, 31,  9,  3,  0,  0, 39,  5
  8, 10, 40,  3,  0,  0, 40, 12
  9,  8,  1,  7,  0,  0, 59, 19
 10,  4,  8,  7,  0,  0, 37, 14
 11, 14,  5,  9,  0,  0, 34, 24
 12,  5,  6,  9,  0,  0, 33, 18
 13, 10, 30,  9,  0,  0, 35, 50
 14, 34, 33,  9,  0,  0, 34, 32
 15, 34, 18,  9,  0,  0, 29, 41
 16, 11,  2,  5,  0,  0, 40, 48
 17, 29, 22,  6,  0,  0, 33, 21
 18, 14, 13,  6,  0,  0, 29, 37
 19, 19, 26,  6,  0,  0, 36, 31
 20, 38, 27,  6,  0,  0, 35, 48
 21, 37, 13,  6,  0,  0, 38, 16
 22,  2, 24, 12,  0,  0, 22, 28
 23, 30, 24, 12,  0,  0, 22, 13
 24, 21,  9, 12,  0,  0, 27, 20
 25, 29, 21,  8,  0,  0, 38, 39
 26, 35, 23,  8,  0,  0, 38, 34
 27, 16, 20,  8,  0,  0, 36, 25
 28, 24, 29,  8,  0,  0, 33, 37
 29, 25,  2,  4,  0,  0, 19, 48
 30, 24, 18,  4,  0,  0, 19, 34
 31,  3, 14, 10,  0,  0, 39, 27
 32, 15,  8,  1,  0,  0, 32, 29
 33, 30, 11,  1,  0,  0, 31,  2
 34,  8, 32,  1,  0,  0, 24, 26
 35,  0,  0,  0,  0,  0,  0,  0
 36,  0,  0,  0,  0,  0,  0,  0
 37,  0,  0,  0,  0,  0,  0,  0
 38,  0,  0,  0,  0,  0,  0,  0
 39,  0,  0,  0,  0,  0,  0,  0
 40, 19,  8,  4,  0,  0, 19,  0
 41, 19,  4,  7,  0,  0, 20,  0
 42,  6,  5, 10,  0,  0, 21,  0
 43, 12, 25, 12,  0,  0, 22,  0
 44, 21, 15, 11,  0,  0, 23,  0
 45,  4,  7,  5,  0,  0, 24,  0
 46,  7, 25,  4,  0,  0, 19,  0
 47,  6, 30,  4,  0,  0, 19,  0
 48, 36, 32,  4,  0,  0, 19,  0
 49, 37, 22,  4,  0,  0, 19,  0
 50, 25, 30,  4,  0,  0, 26,  0
 51, 22, 26,  7,  0,  0, 25,  0
 52,  6, 17,  7,  0,  0, 28,  0
 53, 35, 13,  7,  0,  0, 29,  0
 54, 24, 34,  7,  0,  0, 27,  0
 55,  3, 32, 12,  0,  0, 27,  0
 56, 21, 25, 12,  0,  0, 27,  0
 57,  7, 18, 12,  0,  0, 22,  0
 58, 26, 19, 12,  0,  0, 22,  0
 59, 40, 25, 12,  0,  0, 22,  0
 60, 14, 25, 12,  0,  0, 22,  0
 61, 21, 34, 11,  0,  0, 25,  0
 62, 16,  2,  3,  0,  0, 33,  0
 63, 27, 31,  3,  0,  0, 34,  0
 64, 16, 16,  3,  0,  0, 35,  0
 65,  7, 13,  3,  0,  0, 38,  0
 66, 31, 11,  3,  0,  0, 36,  0
 67, 11, 32,  1,  0,  0, 30,  0
 68, 15, 26,  1,  0,  0, 31,  0
 69, 33, 27,  1,  0,  0, 32,  0
 70,  9, 24,  9,  0,  0, 33,  0
 71, 23, 36,  9,  0,  0, 33,  0
 72, 30,  2,  9,  0,  0, 34,  0
 73, 21, 11,  9,  0,  0, 37,  0
 74,  8, 15,  8,  0,  0, 33,  0
 75,  3, 29,  8,  0,  0, 34,  0
 76,  8, 34,  8,  0,  0, 35,  0
 77, 33, 10,  8,  0,  0, 35,  0
 78, 28, 37,  8,  0,  0, 36,  0
 79, 11,  3,  6,  0,  0, 38,  0
 80,  3, 32,  6,  0,  0, 35,  0
 81, 24, 10,  6,  0,  0, 36,  0
 82,  3, 22,  6,  0,  0, 37,  0
 83,  0,  0,  0,  0,  0,  0,  0
 84,  0,  0,  0,  0,  0,  0,  0
 85,  0,  0,  0,  0,  0,  0,  0
 86,  0,  0,  0,  0,  0,  0,  0
 87,  0,  0,  0,  0,  0,  0,  0
 88,  0,  0,  0,  0,  0,  0,  0
 89,  0,  0,  0,  0,  0,  0,  0
 90,  0,  0,  0,  0,  0,  0,  0
 91,  0,  0,  0,  0,  0,  0,  0
 92,  0,  0,  0,  0,  0,  0,  0
 93,  0,  0,  0,  0,  0,  0,  0
 94,  0,  0,  0,  0,  0,  0,  0
 95,  0,  0,  0,  0,  0,  0,  0
 96,  0,  0,  0,  0,  0,  0,  0
 97,  0,  0,  0,  0,  0,  0,  0
 98,  0,  0,  0,  0,  0,  0,  0
 99,  0,  0,  0,  0,  0,  0,  0
100, 44, 64,  0,  0,  0, 42,  0
101, 68, 64,  0,  0,  0, 42,  0
102, 67, 64,  0,  0,  0, 42,  0
103, 58, 64,  0,  0,  0, 42,  0
104, 45, 64,  0,  0,  0, 42,  0
105, 69, 64,  0,  0,  0, 42,  0
106, 55, 64,  0,  0,  0, 43,  0
107, 72, 64,  0,  0,  0, 45,  0
108, 80, 64,  0,  0,  0, 46,  0
109, 78, 64,  0,  0,  0, 47,  0
110, 52, 64,  0,  0,  0, 46,  0
111,  2,  3,  7,  0,  0, 44,  0
112, 16, 25,  3,117,  0, 48,  0
113,  2,  2, 12,118,  0, 49,  0
114, 39, 31,  1,119,  0, 50,  0
115,  4, 14, 10,120,  0, 51,  0
116, 21, 28,  4,121,  0, 52,  0
117, 16, 25,  3,  0,112, 54,  0
118,  2,  2, 12,  0,113, 54,  0
119, 39, 31,  1,  0,114, 54,  0
120,  4, 14, 10,  0,115, 53,  0
121, 21, 28,  4,  0,116, 55,  0
122,  8, 34, 13,  0,  0, 43,  0
123, 15, 38, 13,  0,  0, 56,  0
124,  6, 22, 13,  0,  0, 57,  0
125, 36, 18, 13,  0,  0, 44,  0
126, 38,  8, 13,  0,  0, 58,  0
127, 22, 26, 15,  0,  0, 53,  0
128,  7, 36, 13,  0,  0, 61,  0
129,  9, 37, 13,  0,  0, 61,  0
130,  8, 37, 13,  0,  0, 61,  0
131,  6, 10, 13,  0,  0, 58,  0
132, 34, 10, 14,  0,  0, 58,  0
133, 37, 38, 14,  0,  0, 62,  0
134,212, 64,  0,  0,  0, 63,  0
135,213, 64,  0,  0,  0, 63,  0
136,214, 64,  0,  0,  0, 63,  0
137,215, 64,  0,  0,  0, 63,  0
138,  5, 24,  9,  0,  0,109,  0
139, 19, 29,  9,  0,  0,110,  0
140,  2, 13,  9,  0,  0,111,  0
141,  3,  4,  9,  0,  0,112,  0
142, 10, 28,  9,  0,  0,113,  0
143, 19,  3,  9,  0,144,114,  0
144, 19,  3,  9,143,  0, 43,  0
145, 15, 17,  3,  0,  0,109,  0
146, 17,  3,  3,  0,  0,115,  0
147,  9,  2,  3,  0,  0,116,  0
148, 27, 30,  3,  0,  0,117,  0
149, 34, 32,  3,  0,  0,118,  0
150,  8, 10,  3,  0,  0,119,  0
151, 37, 17,  3,  0,  0,120,  0
152, 35, 14,  3,  0,  0,121,  0
153,  0,  0,  0,  0,  0,  1, 33
154,  0,  0,  0,  0,  0,  1, 33
155,  0,  0,  0,  0,  0,  1, 33
156,  0,  0,  0,  0,  0,  1, 33
157,  0,  0,  0,  0,  0,  1, 33
158,  0,  0,  0,  0,  0,  1, 33
159,  0,  0,  0,  0,  0,  1, 33
160,  0,  0,  0,  0,  0,  1, 33
161,  0,  0,  0,  0,  0,  1, 33
162,  0,  0,  0,  0,  0,  1, 33
163,  0,  0,  0,  0,  0,  1, 33
164,  0,  0,  0,  0,  0,  1, 27
165,  0,  0,  0,  0,  0,  1, 27
166,  0,  0,  0,  0,  0,  1, 27
167,  0,  0,  0,  0,  0,  1, 11
168,  0,  0,  0,  0,  0,  1, 27
169,  0,  0,  0,  0,  0,  1, 37
170,  0,  0,  0,  0,  0,  1, 37
171,  0,  0,  0,  0,  0,  1, 37
172,  0,  0,  0,  0,  0,  1, 37
173,  0,  0,  0,  0,  0,  1, 27
174,  0,  0,  0,  0,  0,  1, 33
175,  0,  0,  0,  0,  0,  1, 33
176,  0,  0,  0,  0,  0,  1, 33
177,  0,  0,  0,  0,  0,  1, 33
178,  0,  0,  0,  0,  0,  1, 33
179,  0,  0,  0,  0,  0,  1, 33
180,  0,  0,  0,  0,  0, 10, 23
181,  0,  0,  0,  0,  0, 12, 32
182,  0,  0,  0,  0,  0,  9, 46
183,  0,  0,  0,  0,  0, 17, 28
184,  0,  0,  0,  0,  0,  5, 46
185,  0,  0,  0,  0,  0, 12, 40
186,  0,  0,  0,  0,  0, 15, 37
187,  0,  0,  0,  0,  0,  9, 47
188,  0,  0,  0,  0,  0,  2, 18
189,  0,  0,  0,  0,  0,  7, 47
190,  0,  0,  0,  0,  0,  6, 28
191,  0,  0,  0,  0,  0, 16, 36
192,  0,  0,  0,  0,  0, 17,  5
193,  0,  0,  0,  0,  0,  7, 24
194,  0,  0,  0,  0,  0,  2, 10
195,  0,  0,  0,  0,  0,  2, 20
196,  0,  0,  0,  0,  0, 14, 18
197,  0,  0,  0,  0,  0, 18, 30
198,  0,  0,  0,  0,  0, 16, 29
199,  0,  0,  0,  0,  0, 15, 47
200,  5, 26, 13,  0,  0,  2, 88
201,  2, 20, 13,  0,  0,  3, 64
202, 14, 16, 13,  0,  0,  4, 54
203, 22, 30, 13,  0,  0,  5, 84
204, 35, 21, 13,  0,  0,  6, 74
205, 17,  4, 13,  0,  0,  7, 64
206, 10, 12, 13,  0,  0,  8, 54
207,  2, 10, 13,  0,  0,  9, 99
208, 12,  3, 13,  0,  0, 18, 80
209, 10,  8, 13,  0,  0, 16, 90
210, 27, 18, 14,  0,  0, 95,100
211, 36, 29, 14,  0,  0, 96, 75
212, 12, 28, 14,  0,  0, 98, 80
213, 14, 34, 14,  0,  0, 98, 80
214,  8, 38, 14,  0,  0, 98, 80
215, 10, 27, 14,  0,  0, 98, 80
216, 26, 26, 14,  0,  0, 95,100
217, 26, 21, 15,  0,  0,108, 80
218, 29, 26, 15,  0,  0,108, 80
219, 26, 30, 15,  0,  0,108, 80
220, 20, 21, 15,  0,  0,108, 80
221, 38, 28, 15,  0,  0, 99, 75
222, 24, 22, 15,  0,  0, 99, 75
223, 33,  4, 15,  0,  0, 94, 77
224, 20, 10, 15,  0,  0,103, 99
225,  6, 14, 15,  0,  0,105, 90
226,  4, 15, 15,  0,  0,105, 95
227,  8, 14, 15,  0,  0,105, 95
228, 10, 14, 15,  0,  0,105, 95
229,  6,  3, 15,  0,  0, 93, 65
230,  5,  2, 15,  0,  0, 93, 65
231,  4,  2, 15,  0,  0, 93, 65
232, 12,  2, 16,  0,  0, 98,120
233, 10,  4, 16,  0,  0, 98,120
234, 24, 14, 16,  0,  0,104, 99
235, 20,  2, 16,  0,  0,104, 99
236, 39,  6, 16,  0,  0,106, 75
237, 24, 38, 16,  0,  0,101,150
238, 10, 30, 16,  0,  0,101,150
239,  9, 14, 16,  0,  0,107,130
240, 32, 40, 16,  0,  0,107,130
241, 16, 12, 16,  0,  0,107,130
242, 10, 20, 16,  0,  0,106, 80
243, 28, 23, 16,  0,  0,102,110
244, 36, 22, 16,  0,  0,102,110
245, 38, 30, 16,  0,  0,102,110
246, 26, 14, 16,  0,  0,101,150
247,  8, 28, 16,  0,  0,101,150
248, 18, 26, 16,  0,  0,103, 60
249, 24, 32, 16,  0,  0,100,200
250, 35, 28, 16,  0,  0,100,200
251,  0,  0,  0,  0,  0, 31, 34
252,  0,  0,  0,  0,  0, 31, 34
253,  0,  0,  0,  0,  0, 31, 34
254,  0,  0,  0,  0,  0, 31, 34
255, 47,  9, 16,  0,  0, 41,255
0,0,0,0,0,0,0,0
